StartTime,ActualDuration,Labels,NumThreads,ActualQPS,p50,p90,p99,p999,cpu_mili_avg_istio_proxy_fortioclient,cpu_mili_avg_istio_proxy_fortioserver,cpu_mili_avg_istio_proxy_istio-ingressgateway,mem_Mi_avg_istio_proxy_fortioclient,mem_Mi_avg_istio_proxy_fortioserver,mem_Mi_avg_istio_proxy_istio-ingressgateway
2025-05-22T22:40:45.326632711Z,240,81047448_qps_500_c_4_1024_istio_mtls_240s_w2_both,4,500,1649,1989,2894,2998,0,0,0,0,0,0
2025-05-22T22:44:50.47073926Z,240,81047448_qps_750_c_4_1024_istio_mtls_240s_w2_both,4,750,1911,2774,2979,2999,0,0,0,0,0,0
2025-05-22T22:48:56.484119124Z,240,81047448_qps_1000_c_4_1024_istio_mtls_240s_w2_both,4,995,1879,2777,2996,3897,0,0,0,0,0,0
2025-05-22T22:53:03.316735846Z,240,81047448_qps_1250_c_4_1024_istio_mtls_240s_w2_both,4,1093,2114,2856,3557,3963,0,0,0,0,0,0
2025-05-22T22:57:10.462607821Z,240,81047448_qps_1500_c_4_1024_istio_mtls_240s_w2_both,4,1047,2060,2823,2995,4535,0,0,0,0,0,0
2025-05-22T23:05:22.427825441Z,240,f85fefca_qps_500_c_4_1024_no_istio_240s_w2_no_istio,4,500,572,669,698,984,0,0,0,0,0,0
2025-05-22T23:09:24.989141996Z,240,f85fefca_qps_750_c_4_1024_no_istio_240s_w2_no_istio,4,750,554,648,695,924,0,0,0,0,0,0
2025-05-22T23:13:27.510975036Z,240,f85fefca_qps_1000_c_4_1024_no_istio_240s_w2_no_istio,4,1000,544,644,695,967,0,0,0,0,0,0
2025-05-22T23:17:30.110572333Z,240,f85fefca_qps_1250_c_4_1024_no_istio_240s_w2_no_istio,4,1250,561,669,698,1262,0,0,0,0,0,0
2025-05-22T23:21:32.65660624Z,240,f85fefca_qps_1500_c_4_1024_no_istio_240s_w2_no_istio,4,1500,524,620,694,963,0,0,0,0,0,0
2025-05-22T23:29:57.990554872Z,240,52dba77c_qps_500_c_4_1024_istio_plaintext_240s_w2_both,4,500,1694,1972,2847,2997,0,0,0,0,0,0
2025-05-22T23:34:02.748661339Z,240,52dba77c_qps_750_c_4_1024_istio_plaintext_240s_w2_both,4,750,1797,2690,2970,2998,0,0,0,0,0,0
2025-05-22T23:38:08.68038637Z,240,52dba77c_qps_1000_c_4_1024_istio_plaintext_240s_w2_both,4,1000,1771,2701,2971,2998,0,0,0,0,0,0
2025-05-22T23:42:15.591903864Z,240,52dba77c_qps_1250_c_4_1024_istio_plaintext_240s_w2_both,4,1116,1950,2793,2987,3784,0,0,0,0,0,0
2025-05-22T23:46:22.607594451Z,240,52dba77c_qps_1500_c_4_1024_istio_plaintext_240s_w2_both,4,1025,2091,2819,2983,2999,0,0,0,0,0,0
2025-05-23T00:17:50.250969309Z,240,dcc1f3cb_qps_500_c_4_1024_mazu_240s_w2_both,4,500,2572,3275,3964,6898,0,0,0,0,0,0
2025-05-23T00:21:56.36993206Z,240,dcc1f3cb_qps_750_c_4_1024_mazu_240s_w2_both,4,747,2568,3247,3994,6607,0,0,0,0,0,0
2025-05-23T00:26:03.724371691Z,240,dcc1f3cb_qps_1000_c_4_1024_mazu_240s_w2_both,4,873,2706,3736,4727,6922,0,0,0,0,0,0
2025-05-23T00:30:12.008472713Z,240,dcc1f3cb_qps_1250_c_4_1024_mazu_240s_w2_both,4,803,2761,3798,4818,7592,0,0,0,0,0,0
2025-05-23T00:34:19.899660751Z,240,dcc1f3cb_qps_1500_c_4_1024_mazu_240s_w2_both,4,789,2861,3953,4918,8545,0,0,0,0,0,0
2025-05-23T02:04:26.469919208Z,240,4b1cf5e3_qps_100_c_16_1024_istio_mtls_240s__both,16,100,2432,2887,2989,3200,0,0,0,0,0,0
2025-05-23T02:08:30.571125694Z,240,4b1cf5e3_qps_250_c_16_1024_istio_mtls_240s__both,16,250,2415,2883,2989,2999,0,0,0,0,0,0
2025-05-23T02:12:35.621133895Z,240,4b1cf5e3_qps_500_c_16_1024_istio_mtls_240s__both,16,500,1784,2589,2961,2998,0,0,0,0,0,0
2025-05-23T02:16:41.909860122Z,240,4b1cf5e3_qps_1000_c_16_1024_istio_mtls_240s__both,16,1000,1660,2360,2938,2995,0,0,0,0,0,0
2025-05-23T02:20:52.337091091Z,240,4b1cf5e3_qps_2000_c_16_1024_istio_mtls_240s__both,16,2000,1747,2641,2965,2998,0,0,0,0,0,0
2025-05-23T02:25:07.358350368Z,240,4b1cf5e3_qps_4000_c_16_1024_istio_mtls_240s__both,16,3998,1871,2769,2981,3561,0,0,0,0,0,0
2025-05-23T02:29:31.565986082Z,240,4b1cf5e3_qps_8000_c_16_1024_istio_mtls_240s__both,16,4973,1823,2752,2983,3790,0,0,0,0,0,0
2025-05-23T02:33:57.240593343Z,240,4b1cf5e3_qps_16000_c_16_1024_istio_mtls_240s__both,16,6511,1687,2643,2977,3777,0,0,0,0,0,0
2025-05-23T02:38:25.786416872Z,240,f203fe0e_qps_1000_c_2_1024_istio_mtls_240s__both,2,528,1761,2510,2952,2996,0,0,0,0,0,0
2025-05-23T02:42:32.428420242Z,240,f203fe0e_qps_1000_c_4_1024_istio_mtls_240s__both,4,1000,1645,2280,2929,2994,0,0,0,0,0,0
2025-05-23T02:46:43.107184715Z,240,f203fe0e_qps_1000_c_8_1024_istio_mtls_240s__both,8,1000,1649,2413,2943,2996,0,0,0,0,0,0
2025-05-23T02:50:54.613005978Z,240,f203fe0e_qps_1000_c_16_1024_istio_mtls_240s__both,16,1000,1675,2305,2932,2995,0,0,0,0,0,0
2025-05-23T02:55:04.999178569Z,240,f203fe0e_qps_1000_c_32_1024_istio_mtls_240s__both,32,1000,1666,2371,2940,2997,0,0,0,0,0,0
2025-05-23T02:59:14.026684044Z,240,f203fe0e_qps_1000_c_64_1024_istio_mtls_240s__both,64,1000,1705,2616,2966,3524,0,0,0,0,0,0
2025-05-23T03:03:22.538785814Z,240,f203fe0e_qps_1000_c_128_1024_istio_mtls_240s__both,128,999,1749,2649,2966,2997,0,0,0,0,0,0
2025-05-23T03:07:30.936773654Z,240,f203fe0e_qps_1000_c_256_1024_istio_mtls_240s__both,256,999,1647,2532,2954,2997,0,0,0,0,0,0
2025-05-23T03:14:47.756122842Z,240,611c819f_qps_100_c_16_1024_no_istio_240s__no_istio,16,100,652,698,791,964,0,0,0,0,0,0
2025-05-23T03:18:51.248264189Z,240,611c819f_qps_250_c_16_1024_no_istio_240s__no_istio,16,250,644,693,783,1157,0,0,0,0,0,0
2025-05-23T03:22:54.872843681Z,240,611c819f_qps_500_c_16_1024_no_istio_240s__no_istio,16,500,560,658,696,966,0,0,0,0,0,0
2025-05-23T03:26:58.462827722Z,240,611c819f_qps_1000_c_16_1024_no_istio_240s__no_istio,16,1000,550,651,696,1140,0,0,0,0,0,0
2025-05-23T03:31:02.174102868Z,240,611c819f_qps_2000_c_16_1024_no_istio_240s__no_istio,16,2000,487,587,687,971,0,0,0,0,0,0
2025-05-23T03:35:05.807267144Z,240,611c819f_qps_4000_c_16_1024_no_istio_240s__no_istio,16,4000,432,580,694,1203,0,0,0,0,0,0
2025-05-23T03:39:09.618330732Z,240,611c819f_qps_8000_c_16_1024_no_istio_240s__no_istio,16,7991,343,496,724,1708,0,0,0,0,0,0
2025-05-23T03:43:13.256378867Z,240,611c819f_qps_16000_c_16_1024_no_istio_240s__no_istio,16,15818,305,413,901,1885,0,0,0,0,0,0
2025-05-23T03:47:17.134157537Z,240,162e8b78_qps_1000_c_2_1024_no_istio_240s__no_istio,2,1000,550,651,696,991,0,0,0,0,0,0
2025-05-23T03:51:20.979703958Z,240,162e8b78_qps_1000_c_4_1024_no_istio_240s__no_istio,4,1000,545,643,696,1013,0,0,0,0,0,0
2025-05-23T03:55:26.034943151Z,240,162e8b78_qps_1000_c_8_1024_no_istio_240s__no_istio,8,1000,541,637,695,953,0,0,0,0,0,0
2025-05-23T03:59:29.557759395Z,240,162e8b78_qps_1000_c_16_1024_no_istio_240s__no_istio,16,1000,554,656,697,1168,0,0,0,0,0,0
2025-05-23T04:03:33.10330616Z,240,162e8b78_qps_1000_c_32_1024_no_istio_240s__no_istio,32,1000,545,645,696,1055,0,0,0,0,0,0
2025-05-23T04:07:36.78560469Z,240,162e8b78_qps_1000_c_64_1024_no_istio_240s__no_istio,64,1000,513,634,710,933,0,0,0,0,0,0
2025-05-23T04:11:40.459159469Z,240,162e8b78_qps_1000_c_128_1024_no_istio_240s__no_istio,128,999,516,638,720,952,0,0,0,0,0,0
2025-05-23T04:15:44.235384364Z,240,162e8b78_qps_1000_c_256_1024_no_istio_240s__no_istio,256,999,507,615,694,924,0,0,0,0,0,0
2025-05-23T04:24:25.302657579Z,240,d969e5d9_qps_100_c_16_1024_istio_plaintext_240s__both,16,100,2201,2840,2984,2999,0,0,0,0,0,0
2025-05-23T04:28:29.360827048Z,240,d969e5d9_qps_250_c_16_1024_istio_plaintext_240s__both,16,250,2081,2817,2982,2999,0,0,0,0,0,0
2025-05-23T04:32:34.284741268Z,240,d969e5d9_qps_500_c_16_1024_istio_plaintext_240s__both,16,500,1654,1964,2818,2987,0,0,0,0,0,0
2025-05-23T04:36:40.865758529Z,240,d969e5d9_qps_1000_c_16_1024_istio_plaintext_240s__both,16,1000,1628,2229,2926,2995,0,0,0,0,0,0
2025-05-23T04:40:49.657163084Z,240,d969e5d9_qps_2000_c_16_1024_istio_plaintext_240s__both,16,2000,1607,2140,2916,2993,0,0,0,0,0,0
2025-05-23T04:45:04.867839261Z,240,d969e5d9_qps_4000_c_16_1024_istio_plaintext_240s__both,16,3999,1714,2668,2969,2999,0,0,0,0,0,0
2025-05-23T04:49:27.026785069Z,240,d969e5d9_qps_8000_c_16_1024_istio_plaintext_240s__both,16,4912,1794,2740,2986,3828,0,0,0,0,0,0
2025-05-23T04:53:49.932608161Z,240,d969e5d9_qps_16000_c_16_1024_istio_plaintext_240s__both,16,6249,1774,2739,3033,3927,0,0,0,0,0,0
2025-05-23T04:58:18.240513179Z,240,4e2a69aa_qps_1000_c_2_1024_istio_plaintext_240s__both,2,562,1612,1962,2859,4449,0,0,0,0,0,0
2025-05-23T05:02:24.407915681Z,240,4e2a69aa_qps_1000_c_4_1024_istio_plaintext_240s__both,4,1000,1622,1969,2850,2988,0,0,0,0,0,0
2025-05-23T05:06:33.818265612Z,240,4e2a69aa_qps_1000_c_8_1024_istio_plaintext_240s__both,8,1000,1613,1972,2858,2988,0,0,0,0,0,0
2025-05-23T05:10:44.378803761Z,240,4e2a69aa_qps_1000_c_16_1024_istio_plaintext_240s__both,16,1000,1640,1973,2855,2987,0,0,0,0,0,0
2025-05-23T05:14:53.963105194Z,240,4e2a69aa_qps_1000_c_32_1024_istio_plaintext_240s__both,32,1000,1602,1999,2901,2991,0,0,0,0,0,0
2025-05-23T05:19:02.44638509Z,240,4e2a69aa_qps_1000_c_64_1024_istio_plaintext_240s__both,64,1000,1634,2317,2934,2996,0,0,0,0,0,0
2025-05-23T05:23:10.559177862Z,240,4e2a69aa_qps_1000_c_128_1024_istio_plaintext_240s__both,128,999,1604,2265,2928,2995,0,0,0,0,0,0
2025-05-23T05:27:18.478444463Z,240,4e2a69aa_qps_1000_c_256_1024_istio_plaintext_240s__both,256,999,1617,2175,2920,2995,0,0,0,0,0,0
2025-05-23T05:46:24.364548438Z,240,aef87f8e_qps_100_c_16_1024_mazu_240s__both,16,100,2514,2927,3772,6666,0,0,0,0,0,0
2025-05-23T05:50:28.874208592Z,240,aef87f8e_qps_250_c_16_1024_mazu_240s__both,16,250,2504,2911,3403,6935,0,0,0,0,0,0
2025-05-23T05:54:34.768352727Z,240,aef87f8e_qps_500_c_16_1024_mazu_240s__both,16,500,2499,2907,2999,6677,0,0,0,0,0,0
2025-05-23T05:58:42.797280078Z,240,aef87f8e_qps_1000_c_16_1024_mazu_240s__both,16,999,2504,2928,3809,6926,0,0,0,0,0,0
2025-05-23T06:02:55.072521927Z,240,aef87f8e_qps_2000_c_16_1024_mazu_240s__both,16,1982,2537,2995,3961,16525,0,0,0,0,0,0
2025-05-23T06:07:15.033999261Z,240,aef87f8e_qps_4000_c_16_1024_mazu_240s__both,16,3276,2806,4177,6890,70296,0,0,0,0,0,0
2025-05-23T06:11:41.382145238Z,240,aef87f8e_qps_8000_c_16_1024_mazu_240s__both,16,3349,3244,4770,7252,60682,0,0,0,0,0,0
2025-05-23T06:16:11.050934452Z,240,aef87f8e_qps_16000_c_16_1024_mazu_240s__both,16,3323,3712,5907,7481,77394,0,0,0,0,0,0
2025-05-23T06:20:42.780655254Z,240,0b88259b_qps_1000_c_2_1024_mazu_240s__both,2,497,2502,2910,3209,6562,0,0,0,0,0,0
2025-05-23T06:24:51.340635061Z,240,0b88259b_qps_1000_c_4_1024_mazu_240s__both,4,989,2500,2914,3492,6714,0,0,0,0,0,0
2025-05-23T06:29:02.690092812Z,240,0b88259b_qps_1000_c_8_1024_mazu_240s__both,8,998,2525,2962,3904,8799,0,0,0,0,0,0
2025-05-23T06:33:14.773063896Z,240,0b88259b_qps_1000_c_16_1024_mazu_240s__both,16,1000,2517,2945,3884,10714,0,0,0,0,0,0
2025-05-23T06:37:27.671014621Z,240,0b88259b_qps_1000_c_32_1024_mazu_240s__both,32,1000,2509,2938,3846,6350,0,0,0,0,0,0
2025-05-23T06:41:39.92193729Z,240,0b88259b_qps_1000_c_64_1024_mazu_240s__both,64,999,2456,2941,3954,9895,0,0,0,0,0,0
2025-05-23T06:45:51.183815313Z,240,0b88259b_qps_1000_c_128_1024_mazu_240s__both,128,999,2390,2925,3915,40299,0,0,0,0,0,0
2025-05-23T06:50:02.036385698Z,240,0b88259b_qps_1000_c_256_1024_mazu_240s__both,256,999,2378,2908,3862,9765,0,0,0,0,0,0
2025-05-23T21:24:09.644893287Z,120,cb2c7e0a_qps_1000_c_2_1024_mazu_120s__both,2,498,2500,2910,3275,4658,0,0,0,0,0,0
2025-05-23T21:26:16.424170651Z,120,cb2c7e0a_qps_1000_c_4_1024_mazu_120s__both,4,935,2587,3410,3992,6067,0,0,0,0,0,0
2025-05-23T21:28:23.032665763Z,120,cb2c7e0a_qps_1000_c_8_1024_mazu_120s__both,8,998,2499,2916,3704,7135,0,0,0,0,0,0
2025-05-23T21:30:32.218633959Z,120,cb2c7e0a_qps_1000_c_16_1024_mazu_120s__both,16,1000,2508,2935,3858,7067,0,0,0,0,0,0
2025-05-23T21:32:39.565365609Z,120,cb2c7e0a_qps_1000_c_32_1024_mazu_120s__both,32,1000,2522,2961,3936,7293,0,0,0,0,0,0
2025-05-23T21:34:46.577213739Z,120,cb2c7e0a_qps_1000_c_64_1024_mazu_120s__both,64,999,2427,2918,3852,7307,0,0,0,0,0,0
2025-05-23T22:02:34.320863383Z,240,fab82b12_qps_1000_c_2_1024_mazu_240s_v2_both,2,497,2501,2910,3257,6251,0,0,0,0,0,0
2025-05-23T22:06:42.619515985Z,240,fab82b12_qps_1000_c_4_1024_mazu_240s_v2_both,4,989,2499,2914,3537,6280,0,0,0,0,0,0
2025-05-23T22:10:53.814074541Z,240,fab82b12_qps_1000_c_8_1024_mazu_240s_v2_both,8,999,2521,2953,3918,7414,0,0,0,0,0,0
2025-05-23T22:15:05.589873861Z,240,fab82b12_qps_1000_c_16_1024_mazu_240s_v2_both,16,1000,2514,2942,3881,8165,0,0,0,0,0,0
2025-05-23T22:19:18.157008393Z,240,fab82b12_qps_1000_c_32_1024_mazu_240s_v2_both,32,1000,2518,2956,3918,8286,0,0,0,0,0,0
2025-05-23T22:23:29.8293147Z,240,fab82b12_qps_1000_c_64_1024_mazu_240s_v2_both,64,1000,2465,2943,3917,7370,0,0,0,0,0,0
2025-05-24T18:15:20.396555787Z,240,d3c3ad4e_qps_1000_c_64_1024_mazu_240s_ka_false_both,64,999,2632,3585,4534,26625,1175.3295757533215,1123.5053822466318,3.909193958102379,148.665234375,162.32265625,32.666796875
2025-05-24T18:19:30.705513869Z,240,d3c3ad4e_qps_2000_c_64_1024_mazu_240s_ka_false_both,64,1969,2398,2986,7490,247791,1825.5479034009372,1747.5232648677459,4.165034010920333,160.034765625,278.86875,32.320703125
2025-05-24T18:23:46.701492498Z,240,d3c3ad4e_qps_4000_c_64_1024_mazu_240s_ka_false_both,64,3314,7179,19318,39037,275331,3187.320296248485,3224.4992739397517,3.9155466363394575,159.166796875,490.91796875,32.58125
2025-05-24T18:28:15.562105439Z,240,d3c3ad4e_qps_8000_c_64_1024_mazu_240s_ka_false_both,64,3415,12568,27072,49407,363751,3328.540441412476,3313.8610113827795,3.7648366232987525,174.8265625,879.1625,32.643359375
2025-05-24T18:32:46.381781964Z,240,d3c3ad4e_qps_16000_c_64_1024_mazu_240s_ka_false_both,64,3425,14022,29808,63341,311262,3400.85659708487,3595.2993034980354,4.0097632484448695,168.59453125,1324.451171875,33.655859375
2025-05-24T18:37:17.006914352Z,240,d3c3ad4e_qps_24000_c_64_1024_mazu_240s_ka_false_both,64,3406,14248,32832,69168,286137,3288.063314032556,3654.6544498336416,4.531676942611335,176.591796875,1754.519140625,35.9484375
2025-05-24T18:41:47.549683908Z,240,d3c3ad4e_qps_32000_c_64_1024_mazu_240s_ka_false_both,64,3434,14559,32921,69404,290456,3476.1546605991425,3415.0868006502615,4.034283313811878,180.484765625,2189.5984375,32.5234375
2025-05-24T19:04:44.712177664Z,240,e1870be0_qps_1000_c_64_1024_no_istio_240s_ka_false_no_istio,64,1000,1156,1833,1986,2740,15.312309043937312,22.937824237279766,4.152388349313205,50.49921875,2590.25390625,37.6171875
2025-05-24T19:08:48.252192288Z,240,e1870be0_qps_2000_c_64_1024_no_istio_240s_ka_false_no_istio,64,2000,939,1658,1976,4900,14.350249513369107,23.41033276372313,3.956407856448508,46.7328125,62.901953125,29.303125
2025-05-24T19:12:51.727524044Z,240,e1870be0_qps_4000_c_64_1024_no_istio_240s_ka_false_no_istio,64,4000,1117,1927,3618,6642,15.155035951061647,22.329061309807436,3.912724295325648,46.743359375,70.59765625,29.9015625
2025-05-24T19:16:55.288239844Z,240,e1870be0_qps_8000_c_64_1024_no_istio_240s_ka_false_no_istio,64,7687,2375,6820,10282,17616,14.728526706443017,19.71555991299315,3.695428255535355,47.4390625,81.18515625,29.9
2025-05-24T19:20:58.816279415Z,240,e1870be0_qps_16000_c_64_1024_no_istio_240s_ka_false_no_istio,64,8722,4874,7014,8485,15182,12.84513956438055,19.436182426040748,3.12220121678208,47.92265625,90.820703125,29.85859375
2025-05-24T19:25:02.383516315Z,240,e1870be0_qps_24000_c_64_1024_no_istio_240s_ka_false_no_istio,64,8574,6142,7287,9313,17550,13.598749443843353,18.90945564563006,3.3178926194258893,47.569921875,100.635546875,29.71328125
2025-05-24T19:29:05.892148712Z,240,e1870be0_qps_32000_c_64_1024_no_istio_240s_ka_false_no_istio,64,8536,6258,7357,9603,13977,12.229368015932698,20.481889498472263,3.3786403882491816,48.026953125,111.026171875,33.987109375
2025-05-24T19:37:52.230735832Z,240,fd5bd80d_qps_1000_c_64_1024_istio_mtls_240s_ka_false_both,64,1000,2549,2995,3909,4428,1115.9533781796806,751.9721968565831,3.6583796150214303,58.891015625,129.001171875,30.39921875
2025-05-24T19:42:00.024683743Z,240,fd5bd80d_qps_2000_c_64_1024_istio_mtls_240s_ka_false_both,64,2000,2476,2921,3678,3993,2098.9580713364735,1426.7716499791416,3.470645248234193,60.539453125,198.994140625,30.16875
2025-05-24T19:46:12.557256277Z,240,fd5bd80d_qps_4000_c_64_1024_istio_mtls_240s_ka_false_both,64,4000,1770,2727,2987,3862,2692.2554102807344,2756.7949182328293,2.5059366446177664,62.908203125,348.46640625,30.130078125
2025-05-24T19:50:33.416818161Z,240,fd5bd80d_qps_8000_c_64_1024_istio_mtls_240s_ka_false_both,64,7998,1527,1950,2830,3215,4557.625714467789,3461.5753438840443,2.3963174449959297,65.9703125,633.9734375,30.305859375
2025-05-24T19:54:59.341029018Z,240,fd5bd80d_qps_16000_c_64_1024_istio_mtls_240s_ka_false_both,64,15899,1571,2241,3684,6462,8212.381496458855,5328.0727811122,2.090617744202483,73.62578125,1012.7703125,30.24765625
2025-05-24T19:59:37.397250892Z,240,fd5bd80d_qps_24000_c_64_1024_istio_mtls_240s_ka_false_both,64,19738,1720,3068,10611,19322,10727.754468873509,6528.70519777623,2.740666790581978,92.756640625,1591.25703125,35.128515625
2025-05-24T20:04:27.048943276Z,240,fd5bd80d_qps_32000_c_64_1024_istio_mtls_240s_ka_false_both,64,20310,1775,3432,14301,22440,10823.628860365492,7240.717529723242,2.364767820229331,98.198046875,2359.90703125,31.496875
2025-05-24T20:10:08.30528254Z,240,355e946c_qps_1000_c_64_1024_istio_plaintext_240s_ka_false_both,64,1000,2515,2949,3824,3995,1097.7917897146258,674.5891685936705,3.8131943282390433,94.597265625,3134.933984375,34.58359375
2025-05-24T20:14:15.752716067Z,240,355e946c_qps_2000_c_64_1024_istio_plaintext_240s_ka_false_both,64,2000,2471,2911,3519,3985,2110.415556829416,1313.7024806510212,3.5268367555069458,95.019140625,3195.501171875,31.00625
2025-05-24T20:18:28.092793141Z,240,355e946c_qps_4000_c_64_1024_istio_plaintext_240s_ka_false_both,64,4000,1717,2679,2980,3803,2862.703849800718,2527.2863577400844,2.6080461398011283,95.858984375,3329.68203125,30.970703125
2025-05-24T20:22:47.476794906Z,240,355e946c_qps_8000_c_64_1024_istio_plaintext_240s_ka_false_both,64,8000,1519,1937,2769,2996,4380.622167542147,3306.142894227379,2.393948803639564,96.59296875,3594.507421875,30.4890625
2025-05-24T20:27:12.404287599Z,240,355e946c_qps_16000_c_64_1024_istio_plaintext_240s_ka_false_both,64,15879,1556,2055,3762,6815,7808.2095122489845,4862.15286760544,2.6218399762631055,98.35390625,3947.90625,32.992578125
2025-05-24T20:31:47.168667635Z,240,355e946c_qps_24000_c_64_1024_istio_plaintext_240s_ka_false_both,64,20053,1678,2959,10099,19232,9909.277944328967,6212.017437357783,2.373286499068266,100.11171875,4458.77578125,31.962109375
2025-05-24T20:36:32.101303089Z,240,355e946c_qps_32000_c_64_1024_istio_plaintext_240s_ka_false_both,64,20809,1732,3324,14643,23207,11045.95701484399,6713.276384186953,2.4185136745959364,100.8375,5162.676953125,30.54296875
2025-05-25T05:17:22.233881198Z,240,265d6a56_qps_8000_c_64_1024_mazu_120s_ka_false_both,64,3316,12757,27869,66801,274813,3215.741463439742,3656.565408661297,3.3332188900316924,164.61015625,195.0578125,32.486328125
2025-05-26T16:28:43.38589316Z,240,6ea1a0f9_qps_1000_c_64_1024_istio_mtls_240s_ka_true_both,64,1000,1650,2570,2960,2999,717.2751312158712,703.251142979142,3.751806495370308,52.506640625,61.214453125,30.622265625
2025-05-26T16:32:51.618507839Z,240,6ea1a0f9_qps_2000_c_64_1024_istio_mtls_240s_ka_true_both,64,2000,1740,2671,2969,2999,1383.3530135872916,1357.4417838156457,3.8108224081469744,54.4125,139.51953125,29.389453125
2025-05-26T16:37:05.242813606Z,240,6ea1a0f9_qps_4000_c_64_1024_istio_mtls_240s_ka_true_both,64,4000,1889,2775,2984,3774,2612.3906397267947,2875.4719731234018,4.040847824535702,55.679296875,305.91953125,29.623046875
2025-05-26T16:41:28.120020607Z,240,6ea1a0f9_qps_8000_c_64_1024_istio_mtls_240s_ka_true_both,64,8000,1504,1928,2699,2982,4189.231717096949,3735.910541826771,3.6521243187715458,56.14921875,626.650390625,29.67890625
2025-05-26T16:45:59.046562383Z,240,6ea1a0f9_qps_16000_c_64_1024_istio_mtls_240s_ka_true_both,64,15999,957,1767,1991,2868,5220.663084049202,5439.557407528066,3.1471158454015193,57.179296875,1083.2453125,29.496484375
2025-05-26T16:50:39.790651228Z,240,6ea1a0f9_qps_24000_c_64_1024_istio_mtls_240s_ka_true_both,64,23348,1279,1932,3578,5669,7882.996803914926,8103.130092628261,2.8773507197203583,57.338671875,1719.464453125,34.05703125
2025-05-26T16:55:35.646967287Z,240,6ea1a0f9_qps_32000_c_64_1024_istio_mtls_240s_ka_true_both,64,28126,1454,1998,5505,8847,9602.257178430345,9343.004015144676,2.343484531500161,62.27890625,2627.794140625,31.147265625
2025-05-26T17:02:52.495106734Z,240,42820376_qps_1000_c_64_1024_no_istio_240s_ka_true_no_istio,64,1000,520,641,729,940,15.109560648244955,21.328109976809802,3.880423871135239,57.900390625,3678.10234375,30.8265625
2025-05-26T17:06:56.065706403Z,240,42820376_qps_2000_c_64_1024_no_istio_240s_ka_true_no_istio,64,2000,479,586,688,952,15.153293216544457,23.114978340912934,3.9018614363693,58.490625,3687.260546875,30.987109375
2025-05-26T17:10:59.709568046Z,240,42820376_qps_4000_c_64_1024_no_istio_240s_ka_true_no_istio,64,4000,434,582,695,1515,16.475609377115987,23.907739652859203,3.912686346309145,59.055859375,3696.953125,30.973046875
2025-05-26T17:15:03.469744642Z,240,42820376_qps_8000_c_64_1024_no_istio_240s_ka_true_no_istio,64,7998,347,506,746,2547,15.879775154615697,22.206137033672416,3.5540805110634732,58.73203125,3706.90546875,31.128515625
2025-05-26T17:19:07.33420165Z,240,42820376_qps_16000_c_64_1024_no_istio_240s_ka_true_no_istio,64,15991,308,424,1097,2265,15.352422729333293,24.25341512809515,4.0397130766127844,58.334375,3716.740625,36.3828125
2025-05-26T17:23:11.165539759Z,240,42820376_qps_24000_c_64_1024_no_istio_240s_ka_true_no_istio,64,23960,335,640,1871,2929,16.023647986344784,21.955672714159867,4.554003770091784,58.134375,3727.054296875,31.994140625
2025-05-26T17:27:14.937899572Z,240,42820376_qps_32000_c_64_1024_no_istio_240s_ka_true_no_istio,64,31229,479,1274,2628,3642,15.78245090146885,22.502753468235976,4.033812336633263,60.06328125,3742.4203125,31.090625
2025-05-26T17:36:22.003567777Z,240,268d6146_qps_1000_c_64_1024_istio_plaintext_240s_ka_true_both,64,1000,1626,2300,2932,2995,675.1712570119751,648.4804237012664,3.930218893233509,65.05078125,3758.4828125,35.953515625
2025-05-26T17:40:30.079127771Z,240,268d6146_qps_2000_c_64_1024_istio_plaintext_240s_ka_true_both,64,2000,1631,2454,2948,2997,1256.5343110075958,1347.4919189175514,3.969846017036328,59.51796875,3829.022265625,30.834375
2025-05-26T17:44:43.103107731Z,240,268d6146_qps_4000_c_64_1024_istio_plaintext_240s_ka_true_both,64,4000,1755,2703,2974,3420,2790.727901760491,2725.400579615482,3.9113569309055656,60.471875,3983.398046875,30.78515625
2025-05-26T17:49:05.734613984Z,240,268d6146_qps_8000_c_64_1024_istio_plaintext_240s_ka_true_both,64,7999,1509,1938,2784,2998,3996.073635807915,3743.391767901618,3.9792062921095805,59.961328125,4296.18125,36.376171875
2025-05-26T17:53:37.42239892Z,240,268d6146_qps_16000_c_64_1024_istio_plaintext_240s_ka_true_both,64,15999,901,1683,1977,2689,4820.742562267631,4926.733932517535,3.4758178987030286,60.247265625,4763.77421875,32.2828125
2025-05-26T17:58:20.774746601Z,240,268d6146_qps_24000_c_64_1024_istio_plaintext_240s_ka_true_both,64,23548,1066,1885,3141,4654,7627.28098867952,7597.020141592068,2.911604128081948,63.88984375,5419.32265625,32.151953125
2025-05-26T18:03:13.270437003Z,240,268d6146_qps_32000_c_64_1024_istio_plaintext_240s_ka_true_both,64,28631,1357,1980,4916,7784,8570.80044963245,9378.06126730827,2.255007204788586,62.60546875,6245.39921875,32.044921875
2025-05-26T18:26:33.949423609Z,240,53f7f76b_qps_1000_c_64_1024_mazu_240s_ka_true_both,64,1000,2432,2925,3865,7772,1080.2670601297348,976.4305269348073,4.050741655989724,154.157421875,7252.17578125,32.605078125
2025-05-26T18:30:44.638642122Z,240,53f7f76b_qps_2000_c_64_1024_mazu_240s_ka_true_both,64,1986,2467,3242,5274,83247,1836.970839319056,1871.6345418403375,3.9940212310967254,149.632421875,284.540234375,32.4484375
2025-05-26T18:35:02.214345904Z,240,53f7f76b_qps_4000_c_64_1024_mazu_240s_ka_true_both,64,3298,7589,19557,33573,219125,2894.4548891033864,3497.08333908557,4.194401898336134,158.1875,505.1109375,32.0453125
2025-05-26T18:39:32.550099099Z,240,53f7f76b_qps_8000_c_64_1024_mazu_240s_ka_true_both,64,3274,13901,26918,43697,257426,3033.4147603805145,3614.6188551895184,3.906765594573749,156.2828125,933.147265625,32.519140625
2025-05-26T18:44:04.292065213Z,240,53f7f76b_qps_16000_c_64_1024_mazu_240s_ka_true_both,64,3263,15278,30715,49696,251050,3087.5026886135934,3791.466268672347,4.05308544713407,160.00625,1390.520703125,32.10390625
2025-05-26T18:48:37.225434507Z,240,53f7f76b_qps_24000_c_64_1024_mazu_240s_ka_true_both,64,3271,15755,33591,48575,210571,3093.2883598296207,3603.870350955919,3.9720077053041543,163.26171875,1859.2765625,32.13359375
2025-05-26T18:53:09.972194026Z,240,53f7f76b_qps_32000_c_64_1024_mazu_240s_ka_true_both,64,3233,15837,34900,50305,237056,3076.6446940884116,3823.5880856030444,4.147706358236405,161.8125,2322.51640625,37.3671875
2025-05-26T23:41:18.155675699Z,240,9cb5b4ad_qps_1000_c_64_1024_istio_plaintext_240s_ka_true_both,64,1000,1588,2319,2934,2995,710.1913938161364,667.1908369935398,3.799357770520758,61.4640625,65.21328125,38.876171875
2025-05-26T23:45:26.188783333Z,240,9cb5b4ad_qps_2000_c_64_1024_istio_plaintext_240s_ka_true_both,64,2000,1641,2472,2949,2996,1380.4524932406039,1366.3730572836484,4.0118977256418935,53.83203125,133.912109375,30.197265625
2025-05-26T23:49:38.616644059Z,240,9cb5b4ad_qps_4000_c_64_1024_istio_plaintext_240s_ka_true_both,64,4000,1727,2686,2976,3687,2509.3467263930897,2675.708161752325,4.114773299341321,53.987109375,283.75859375,30.139453125
2025-05-26T23:54:00.668461778Z,240,9cb5b4ad_qps_8000_c_64_1024_istio_plaintext_240s_ka_true_both,64,8000,1502,1924,2649,2977,4402.207371800761,3495.7587719477474,3.357242233808905,54.6875,596.46796875,30.790234375
2025-05-26T23:58:30.516736795Z,240,9cb5b4ad_qps_16000_c_64_1024_istio_plaintext_240s_ka_true_both,64,15998,901,1695,1981,2812,5189.8656470762735,4946.202482455012,3.1530688559559907,55.24140625,1042.328515625,30.51953125
2025-05-27T00:02:43.772878106Z,240,9cb5b4ad_qps_24000_c_64_1024_istio_plaintext_240s_ka_true_both,64,23464,1091,1899,3263,4637,7547.784201780829,7320.4336981610795,2.5919715827090832,55.30390625,1660.66015625,30.69765625
2025-05-27T00:07:35.637021972Z,240,9cb5b4ad_qps_32000_c_64_1024_istio_plaintext_240s_ka_true_both,64,28540,1391,1986,4828,7755,9123.585883130061,9458.89544368018,2.1665463626423427,58.239453125,2482.404296875,36.139453125
2025-05-27T01:32:57.874211828Z,240,ce1d3fe3_qps_1000_c_64_1024_no_istio_240s_ka_true_no_istio,64,1000,532,659,761,970,14.245259614971983,23.792241534610643,4.085028353254677,46.479296875,53.759375,31.598828125
2025-05-27T01:37:01.358492635Z,240,ce1d3fe3_qps_2000_c_64_1024_no_istio_240s_ka_true_no_istio,64,2000,480,587,689,954,15.465165004197104,22.85669158710659,4.048659139118021,46.687109375,63.00703125,31.560546875
2025-05-27T01:41:05.054660813Z,240,ce1d3fe3_qps_4000_c_64_1024_no_istio_240s_ka_true_no_istio,64,4000,452,596,699,1445,14.441430470140276,23.870446051172227,4.049402159073513,47.0671875,72.932421875,31.4703125
2025-05-27T01:45:08.686345249Z,240,ce1d3fe3_qps_8000_c_64_1024_no_istio_240s_ka_true_no_istio,64,8000,363,543,749,1748,15.846430048680988,22.858748967590333,3.705578195463801,47.38125,81.888671875,35.385546875
2025-05-27T01:49:12.286380468Z,240,ce1d3fe3_qps_16000_c_64_1024_no_istio_240s_ka_true_no_istio,64,15997,317,440,1037,1975,15.055975079735667,23.540428335332898,4.1080073834269255,47.19453125,91.475390625,31.673046875
2025-05-27T01:53:15.894418111Z,240,ce1d3fe3_qps_24000_c_64_1024_no_istio_240s_ka_true_no_istio,64,23967,341,658,1879,2911,15.785783206825752,23.78110535725277,3.8817185379745553,47.618359375,104.115234375,30.96875
2025-05-27T01:57:19.762210351Z,240,ce1d3fe3_qps_32000_c_64_1024_no_istio_240s_ka_true_no_istio,64,31212,502,1366,2644,3620,15.120138734671523,21.271839805566092,3.6085545285800826,53.04140625,116.9703125,30.815625
2025-05-27T02:10:02.817346909Z,240,affc2902_qps_1000_c_64_1024_istio_mtls_240s_ka_true_both,64,1000,1698,2566,2959,2998,693.5556638602413,666.9566860688776,4.053964109979868,55.36640625,63.065234375,33.125
2025-05-27T02:14:10.897144946Z,240,affc2902_qps_2000_c_64_1024_istio_mtls_240s_ka_true_both,64,2000,1754,2700,2971,2998,1354.5318555926694,1456.8079152401917,4.53910431536527,53.821484375,144.93359375,36.11484375
2025-05-27T02:18:24.616704959Z,240,affc2902_qps_4000_c_64_1024_istio_mtls_240s_ka_true_both,64,4000,1863,2769,2989,3854,2787.8055397510193,2909.277703014188,4.131529655502523,55.57265625,309.66015625,32.948828125
2025-05-27T02:22:48.332603888Z,240,affc2902_qps_8000_c_64_1024_istio_mtls_240s_ka_true_both,64,8000,1504,1932,2733,2983,4116.0963985680955,3895.136460305409,3.614595321888285,56.622265625,635.053515625,31.306640625
2025-05-27T02:27:18.940677529Z,240,affc2902_qps_16000_c_64_1024_istio_mtls_240s_ka_true_both,64,15998,971,1789,1996,2916,5044.140529554672,4788.503013674517,3.269570765080607,57.264453125,1086.65,31.14140625
2025-05-27T02:32:01.301012012Z,240,affc2902_qps_24000_c_64_1024_istio_mtls_240s_ka_true_both,64,23392,1304,1937,3403,4891,7805.1221450175235,8277.819098765405,2.286346315085052,57.36875,1749.717578125,30.995703125
2025-05-27T02:36:57.708725571Z,240,affc2902_qps_32000_c_64_1024_istio_mtls_240s_ka_true_both,64,28241,1486,2081,4569,7328,9216.382042474508,10219.457276035324,2.1570817893874126,64.40703125,2652.90546875,31.348828125
2025-05-27T03:30:20.750557284Z,240,074b6e8d_qps_1000_c_64_1024_mazu_240s_ka_true_both,64,1000,2407,2909,3816,7355,1016.8493020191327,992.7263102485035,3.615311603454922,154.491796875,154.801171875,32.430859375
2025-05-27T03:34:31.725171605Z,240,074b6e8d_qps_2000_c_64_1024_mazu_240s_ka_true_both,64,1980,2442,3120,5448,129671,1866.8998982448309,1868.790382519603,3.6488334142633936,158.010546875,283.293359375,32.281640625
2025-05-27T03:38:49.449104281Z,240,074b6e8d_qps_4000_c_64_1024_mazu_240s_ka_true_both,64,3193,8539,19786,41043,287326,2780.8567835671643,3285.519900936678,3.7596175241178558,155.58203125,502.32734375,39.029296875
2025-05-27T03:43:20.77386223Z,240,074b6e8d_qps_8000_c_64_1024_mazu_240s_ka_true_both,64,3216,14409,26622,39245,302848,2998.479407222896,3778.932484891375,3.637274724050194,157.35,954.952734375,34.548828125
2025-05-27T03:47:52.930300856Z,240,074b6e8d_qps_16000_c_64_1024_mazu_240s_ka_true_both,64,3183,15691,30982,49624,258499,2827.123573284779,3719.092473731158,3.771526372323136,156.725,1417.2640625,33.242578125
2025-05-27T03:52:25.313111003Z,240,074b6e8d_qps_24000_c_64_1024_mazu_240s_ka_true_both,64,3182,16941,29352,45767,282070,3099.2167610460947,3779.754852505718,3.7549494171972952,164.306640625,1869.053515625,32.829296875
2025-05-27T03:56:57.836823887Z,240,074b6e8d_qps_32000_c_64_1024_mazu_240s_ka_true_both,64,3181,17245,29256,48288,246318,3027.681961807713,3695.3160623034278,3.7221919140833366,165.233984375,2328.365234375,34.00703125
2025-05-27T04:17:10.449460154Z,240,464e535e_qps_1000_c_64_1024_mazu_240s_unc_false_ka_true_both,64,1000,18955,28021,37374,125612,1430.1427291099305,1416.589218452014,3.968087632648584,160.8734375,2789.876953125,33.061328125
2025-05-27T04:21:24.490671223Z,240,464e535e_qps_2000_c_64_1024_mazu_240s_unc_false_ka_true_both,64,1998,16240,26783,29972,182194,2508.73397494547,2544.1522876506074,3.956383892109695,162.558203125,2953.057421875,32.522265625
2025-05-27T04:25:47.237913621Z,240,464e535e_qps_4000_c_64_1024_mazu_240s_unc_false_ka_true_both,64,3150,18106,34552,58139,289614,3135.666264606314,3690.04773896549,3.678104816945152,165.473046875,3255.2796875,32.8
2025-05-27T04:30:18.906040778Z,240,464e535e_qps_8000_c_64_1024_mazu_240s_unc_false_ka_true_both,64,3167,18332,34654,56538,249274,2922.5752688394114,3454.39618001501,3.455471331614341,165.286328125,3717.79921875,32.755078125
2025-05-27T04:34:51.741342529Z,240,464e535e_qps_16000_c_64_1024_mazu_240s_unc_false_ka_true_both,64,3168,18490,32663,60169,276926,2925.006332312265,3705.5317676945974,3.6638683378941184,163.1453125,4184.691015625,32.58046875
2025-05-27T04:39:25.033688233Z,240,464e535e_qps_24000_c_64_1024_mazu_240s_unc_false_ka_true_both,64,3168,18076,35154,54906,257725,3022.6131212339487,3627.132217064703,3.477590034822852,166.309765625,4648.29921875,39.089453125
2025-05-27T04:43:56.577503291Z,240,464e535e_qps_32000_c_64_1024_mazu_240s_unc_false_ka_true_both,64,3148,17187,36972,68183,316720,2824.088815166622,3756.525820408616,3.678624361499982,161.683984375,5105.502734375,33.56484375
2025-05-27T05:14:07.824442743Z,240,ed9b6107_qps_1000_c_64_1024_istio_mtls_240s_unc_false_ka_true_both,64,1000,4816,6996,7561,9864,726.0441650100394,782.2890908354043,4.168371070255257,53.1921875,61.19140625,29.734375
2025-05-27T05:18:16.040989198Z,240,ed9b6107_qps_2000_c_64_1024_istio_mtls_240s_unc_false_ka_true_both,64,2000,4260,6608,7418,7499,1416.4925427402993,1437.954918940425,4.0251123424023,55.225,133.475,30.36953125
2025-05-27T05:22:28.88077721Z,240,ed9b6107_qps_4000_c_64_1024_istio_mtls_240s_unc_false_ka_true_both,64,4000,4393,6727,7428,7498,2640.4989584564837,2883.2588205889933,4.509930635434813,56.218359375,290.86953125,35.51640625
2025-05-27T05:26:51.61291248Z,240,ed9b6107_qps_8000_c_64_1024_istio_mtls_240s_unc_false_ka_true_both,64,8000,4205,6408,7394,7493,5265.8860051795455,5683.866115905967,4.024378897565345,56.69921875,614.28203125,29.251171875
2025-05-27T05:31:03.577164869Z,240,ed9b6107_qps_16000_c_64_1024_istio_mtls_240s_unc_false_ka_true_both,64,16000,2582,3749,4733,6045,7076.070995189872,7403.283543804439,4.068147613534897,64.313671875,1243.201171875,29.6625
2025-05-27T05:35:52.956680348Z,240,ed9b6107_qps_24000_c_64_1024_istio_mtls_240s_unc_false_ka_true_both,64,24000,2035,2910,3876,4837,8262.592865553377,8400.216871047065,4.135358896772834,58.825,2035.938671875,30.140234375
2025-05-27T05:40:47.820942512Z,240,ed9b6107_qps_32000_c_64_1024_istio_mtls_240s_unc_false_ka_true_both,64,31530,1658,2805,6488,9716,10733.139136343152,9644.373364934681,4.1265505593538965,59.171875,2951.4546875,30.12109375
2025-05-27T06:06:46.749900063Z,240,931f9f85_qps_1000_c_64_1024_mazu_240s_ka_true_both,64,1000,2495,2962,3967,7321,1081.8214666845831,1043.199290870216,3.8743441113087242,142.90390625,159.377734375,36.243359375
2025-05-27T06:10:57.250375615Z,240,931f9f85_qps_2000_c_64_1024_mazu_240s_ka_true_both,64,1982,2476,3170,5335,124316,1984.1969956434639,1945.9577668914255,3.842211904694311,152.404296875,276.7,32.1171875
2025-05-27T06:15:14.738009298Z,240,931f9f85_qps_4000_c_64_1024_mazu_240s_ka_true_both,64,3237,7960,19945,39074,259846,3022.7517295197586,3510.3920079384943,3.4690822953672935,145.621875,510.72734375,32.26328125
2025-05-27T06:19:46.130054983Z,240,931f9f85_qps_8000_c_64_1024_mazu_240s_ka_true_both,64,3195,13528,28595,48556,269658,2901.312977657329,3765.998934265964,3.5670844024499826,155.13046875,934.575,31.972265625
2025-05-27T06:24:18.105483971Z,240,931f9f85_qps_16000_c_64_1024_mazu_240s_ka_true_both,64,3177,14705,34079,71746,260456,2918.143190734912,3203.9046884098434,3.3601656749751068,156.661328125,1393.153515625,31.8734375
2025-05-27T06:28:50.589752919Z,240,931f9f85_qps_24000_c_64_1024_mazu_240s_ka_true_both,64,3180,15712,34729,65362,280056,2924.7716374008646,3718.2160906681465,3.6154603810020425,153.05703125,1853.418359375,32.1609375
2025-05-27T06:33:24.26518431Z,240,931f9f85_qps_32000_c_64_1024_mazu_240s_ka_true_both,64,3200,15529,35826,71794,300961,2869.2022567288423,3603.689823704177,3.5823065507509266,153.80546875,2314.21015625,33.00859375
