StartTime,ActualDuration,Labels,NumThreads,ActualQPS,p50,p90,p99,p999,cpu_mili_avg_istio_proxy_fortioclient,cpu_mili_avg_istio_proxy_fortioserver,cpu_mili_avg_istio_proxy_istio-ingressgateway,mem_Mi_avg_istio_proxy_fortioclient,mem_Mi_avg_istio_proxy_fortioserver,mem_Mi_avg_istio_proxy_istio-ingressgateway
2025-04-24T00:45:45.318099215Z,120,dda40007_qps_100_c_16_1024_no_istio_120s_no_istio,16,100,643,690,762,1502,2.8386024131089833,7.564364760984056,4.048061546503896,36.17578125,63.33984375,32.23046875
2025-04-24T00:47:48.845830562Z,120,dda40007_qps_250_c_16_1024_no_istio_120s_no_istio,16,250,641,689,746,1732,2.248295638246101,7.383585025948066,3.3951753284724315,36.427734375,63.8984375,31.9375
2025-04-24T00:49:52.577408042Z,120,dda40007_qps_500_c_16_1024_no_istio_120s_no_istio,16,500,545,593,686,1662,2.944825174586354,6.06709114766597,4.035907968432966,36.2578125,64.56640625,31.98046875
2025-04-24T00:51:56.427007103Z,120,dda40007_qps_1000_c_16_1024_no_istio_120s_no_istio,16,1000,530,592,687,1691,5.353812359070707,6.804117963527321,3.9151972105081296,41.736328125,65.216796875,31.830078125
2025-04-24T00:54:00.399404276Z,120,dda40007_qps_2000_c_16_1024_no_istio_120s_no_istio,16,2000,479,576,659,1638,2.6762628784106597,6.771259779364979,4.181668412284044,41.927734375,65.896484375,32.3515625
2025-04-24T00:56:04.391826282Z,120,dda40007_qps_4000_c_16_1024_no_istio_120s_no_istio,16,4000,448,568,681,1682,2.412179454529423,6.50994042078848,3.882935564043083,41.56640625,66.85546875,37.36328125
2025-04-24T00:58:08.793981321Z,120,dda40007_qps_8000_c_16_1024_no_istio_120s_no_istio,16,7998,383,488,700,1728,2.5650947515491818,5.5834449872416885,3.8396709481115257,35.841796875,67.68359375,37.576171875
2025-04-24T01:00:12.339373072Z,120,dda40007_qps_16000_c_16_1024_no_istio_120s_no_istio,16,15825,339,434,892,1842,2.9652088560208685,6.942801101837358,4.036269439758692,36.30859375,68.78515625,35.623046875
2025-04-24T01:02:16.662218217Z,240,e9389c39_qps_100_c_16_1024_no_istio_240s_no_istio,16,100,644,690,763,1729,2.694994913870144,7.11178566686045,4.010302371861882,36.06953125,76.25078125,32.048828125
2025-04-24T01:06:19.290873204Z,240,e9389c39_qps_250_c_16_1024_no_istio_240s_no_istio,16,250,640,689,737,1707,2.6094695644673926,6.766140901638027,3.7594753283415594,36.400390625,71.891796875,32.11796875
2025-04-24T01:10:22.319547687Z,240,e9389c39_qps_500_c_16_1024_no_istio_240s_no_istio,16,500,549,599,693,1684,2.730693910108154,6.913248867322569,3.8430449982751367,36.572265625,71.843359375,31.998828125
2025-04-24T01:14:25.319831168Z,240,e9389c39_qps_1000_c_16_1024_no_istio_240s_no_istio,16,1000,534,592,686,1700,2.8314855307348266,6.860884440722644,3.8706705026375863,36.487890625,71.89921875,32.1703125
2025-04-24T01:18:28.168113575Z,240,e9389c39_qps_2000_c_16_1024_no_istio_240s_no_istio,16,2000,486,579,658,1654,2.585712414390784,6.871049022436777,3.6664835658142243,36.46328125,73.03984375,32.3
2025-04-24T01:22:30.907542164Z,240,e9389c39_qps_4000_c_16_1024_no_istio_240s_no_istio,16,4000,447,566,680,1682,3.155577601712271,6.622022855711336,3.7443272682371695,42.830078125,74.12109375,32.3578125
2025-04-24T01:26:34.454909532Z,240,e9389c39_qps_8000_c_16_1024_no_istio_240s_no_istio,16,7998,383,489,698,1727,2.7597797597250713,6.468092756351779,3.787368464793357,39.0109375,75.012109375,34.183203125
2025-04-24T01:30:38.201099707Z,240,e9389c39_qps_16000_c_16_1024_no_istio_240s_no_istio,16,15829,330,432,883,1834,2.6066940548991737,7.38585477009631,4.039484593564131,36.7890625,78.7796875,33.6734375
2025-04-24T01:34:41.406890363Z,480,3fd6d188_qps_100_c_16_1024_no_istio_480s_no_istio,16,100,642,690,759,1732,2.730598658755669,6.781570329735557,3.74800480794682,36.55799278846154,82.26382211538461,31.287259615384617
2025-04-24T01:42:44.728020936Z,480,3fd6d188_qps_250_c_16_1024_no_istio_480s_no_istio,16,250,635,688,699,1706,2.7394038123542765,6.954425840442474,3.7931927533261067,36.37019230769231,78.96754807692308,31.276442307692307
2025-04-24T01:50:47.865851233Z,480,3fd6d188_qps_500_c_16_1024_no_istio_480s_no_istio,16,500,548,597,692,1700,2.783798690857577,6.8501396122881095,4.103452171364242,42.99248798076923,80.24609375,31.220552884615383
2025-04-24T01:58:50.857560502Z,480,3fd6d188_qps_1000_c_16_1024_no_istio_480s_no_istio,16,1000,527,590,683,1667,2.817415990084784,6.3834168941775085,3.9705214151563846,35.90925480769231,80.98046875,33.60006009615385
2025-04-24T02:06:54.045690059Z,480,3fd6d188_qps_2000_c_16_1024_no_istio_480s_no_istio,16,2000,482,577,657,1635,2.715012841763218,6.603463210400861,3.9901649477436187,36.49939903846154,82.98497596153847,31.40625
2025-04-24T02:14:57.423653393Z,480,3fd6d188_qps_4000_c_16_1024_no_istio_480s_no_istio,16,4000,447,567,680,1682,2.7378959800563085,6.386796475795732,3.873563528019983,36.48347355769231,83.53966346153847,31.353365384615383
2025-04-24T02:23:00.770291452Z,480,3fd6d188_qps_8000_c_16_1024_no_istio_480s_no_istio,16,7998,383,489,696,1725,2.9926959924615217,6.411862704373541,4.130443639548094,42.91796875,84.75811298076923,31.35967548076923
2025-04-24T02:31:03.798498317Z,480,3fd6d188_qps_16000_c_16_1024_no_istio_480s_no_istio,16,15836,327,425,878,1829,2.6814521844588524,6.62480892708298,3.655627560704779,36.41045673076923,86.0889423076923,33.98948317307692
2025-04-24T05:27:02.384818502Z,120,eedbba46_qps_100_c_16_1024_istio_mtls_120s_both,16,100,1944,2771,2978,2999,68.33440112665609,77.20474861931467,3.357296356661349,56.87890625,1831.154296875,31.9296875
2025-04-24T05:29:06.292405874Z,120,eedbba46_qps_250_c_16_1024_istio_mtls_120s_both,16,250,1850,2668,2969,2999,177.19033737631835,181.50897472780218,4.070645233433635,57.765625,1834.966796875,31.96484375
2025-04-24T05:31:10.920372905Z,120,eedbba46_qps_500_c_16_1024_istio_mtls_120s_both,16,500,1706,1986,2887,3018,346.0832199076509,318.1582290037695,4.066656813941436,56.529296875,1846.32421875,31.96484375
2025-04-24T05:33:16.385696675Z,120,eedbba46_qps_1000_c_16_1024_istio_mtls_120s_both,16,1000,1990,2847,3683,4238,654.5557600660608,597.6990653529487,3.4741670771610607,51.173828125,1865.2734375,35.21484375
2025-04-24T05:35:22.449946978Z,120,eedbba46_qps_2000_c_16_1024_istio_mtls_120s_both,16,2000,2381,3351,4012,5762,1144.0079076518011,700.7537370745003,3.9298882946816707,51.62890625,1895.81640625,38.41015625
2025-04-24T05:37:29.644511792Z,120,eedbba46_qps_4000_c_16_1024_istio_mtls_120s_both,16,3736,2316,3506,5550,7355,1176.8528947431175,1085.052523458564,3.5049701872187393,51.724609375,1933.5625,36.603515625
2025-04-24T05:39:36.875788602Z,120,eedbba46_qps_8000_c_16_1024_istio_mtls_120s_both,16,3845,2761,3955,6184,7435,1380.082022926881,975.3769790989206,2.9737594994631698,51.697265625,1998.07421875,32.009765625
2025-04-24T05:41:44.466291359Z,120,eedbba46_qps_16000_c_16_1024_istio_mtls_120s_both,16,4165,3056,4202,6527,7822,1414.0045211448116,1158.4549966219151,3.2216377994370067,51.828125,2055.189453125,32.08984375
2025-04-24T05:43:53.412928702Z,240,80f1af93_qps_100_c_16_1024_istio_mtls_240s_both,16,100,1939,2766,2977,2999,73.68261375136589,71.8325337694213,3.752128377763352,51.8,2109.724609375,32.162109375
2025-04-24T05:47:57.539724905Z,240,80f1af93_qps_250_c_16_1024_istio_mtls_240s_both,16,250,1892,2745,2976,2999,172.10206410385692,181.8664946702197,3.9486178146547504,51.837109375,2115.234765625,31.97890625
2025-04-24T05:52:01.948627025Z,240,80f1af93_qps_500_c_16_1024_istio_mtls_240s_both,16,500,1627,1988,2898,3242,334.198777447579,340.0247985515526,3.8960564724398545,51.544140625,2139.439453125,32.306640625
2025-04-24T05:56:07.58128284Z,240,80f1af93_qps_1000_c_16_1024_istio_mtls_240s_both,16,1000,1940,2828,3625,4202,654.9328449894873,574.1064349935389,3.7432557052287248,56.90078125,2174.35,31.9109375
2025-04-24T06:00:14.514796542Z,240,80f1af93_qps_2000_c_16_1024_istio_mtls_240s_both,16,2000,2491,3613,4649,6157,1075.726166626295,734.2511725516208,3.8707857748639656,51.76015625,2236.61484375,32.230078125
2025-04-24T06:04:23.22431532Z,240,80f1af93_qps_4000_c_16_1024_istio_mtls_240s_both,16,3732,2430,3600,5380,7326,1370.5710786425595,1036.293640229541,3.827718658643664,51.666015625,2322.38359375,37.08671875
2025-04-24T06:08:32.546822451Z,240,80f1af93_qps_8000_c_16_1024_istio_mtls_240s_both,16,3908,2680,3864,5403,7333,1388.3754228714083,1053.8963333819722,3.340829003918854,51.344921875,2438.398046875,31.49375
2025-04-24T06:12:43.292361433Z,240,80f1af93_qps_16000_c_16_1024_istio_mtls_240s_both,16,4068,3121,4415,6908,9161,1325.822592157405,1139.8751273140274,3.513702315897705,51.075390625,2556.997265625,31.52734375
2025-04-24T06:16:53.976029689Z,480,ba79ef36_qps_100_c_16_1024_istio_mtls_480s_both,16,100,1959,2784,2980,2999,72.26589126074035,75.44364733185951,4.024904066075452,50.64152644230769,2670.6114783653848,31.61748798076923
2025-04-24T06:24:58.060649914Z,480,ba79ef36_qps_250_c_16_1024_istio_mtls_480s_both,16,250,1831,2659,2968,2999,169.5821114900077,171.5354689133536,3.815855527689769,55.66616586538461,2685.908954326923,31.770733173076923
2025-04-24T06:33:05.114171132Z,480,ba79ef36_qps_500_c_16_1024_istio_mtls_480s_both,16,500,1649,1984,2889,3162,305.74274584895124,352.8657718099335,4.042281412510907,51.21664663461539,2742.0772235576924,36.63040865384615
2025-04-24T06:41:12.613768464Z,480,ba79ef36_qps_1000_c_16_1024_istio_mtls_480s_both,16,1000,2060,2872,3753,4187,619.0410193605611,594.702621192138,3.9702403382494786,50.89573317307692,2817.9771634615386,31.372596153846153
2025-04-24T06:49:22.214323237Z,480,ba79ef36_qps_2000_c_16_1024_istio_mtls_480s_both,16,2000,2364,3317,4168,6138,1121.3270293448675,654.0089702493455,4.471264343178532,51.11057692307692,2937.8221153846152,31.958533653846153
2025-04-24T06:57:33.260251741Z,480,ba79ef36_qps_4000_c_16_1024_istio_mtls_480s_both,16,3690,2480,3677,5484,7351,1324.015752499404,1041.56563722017,3.601259561854554,54.96334134615385,3092.9083533653848,31.623798076923077
2025-04-24T07:05:48.034115671Z,480,ba79ef36_qps_8000_c_16_1024_istio_mtls_480s_both,16,3986,2584,3813,5870,7373,1328.942664885912,1131.5296980381845,3.6373499170274286,51.04296875,3320.8716947115386,35.65084134615385
2025-04-24T07:14:03.771696751Z,480,ba79ef36_qps_16000_c_16_1024_istio_mtls_480s_both,16,4494,2742,3878,5697,7396,1360.6431988498337,1244.3972105733646,3.512691223201973,50.88461538461539,3579.8377403846152,32.72746394230769
2025-04-24T15:07:19.950859451Z,120,b679829b_qps_100_c_16_1024_istio_plaintext_120s_both,16,100,1731,1961,2702,2986,64.80602163650035,61.914587336930545,6.999175055769767,59.22265625,1806.205078125,40.1015625
2025-04-24T15:09:23.483632241Z,120,b679829b_qps_250_c_16_1024_istio_plaintext_120s_both,16,250,1644,1939,2432,2966,168.73892561497243,169.45185719309916,7.444550037641615,53.5546875,1802.439453125,30.857421875
2025-04-24T15:11:27.875857093Z,120,b679829b_qps_500_c_16_1024_istio_plaintext_120s_both,16,500,1662,1993,2900,2998,331.16848027169704,330.48351106144474,5.473962426655402,48.25390625,1813.89453125,31.78125
2025-04-24T15:13:32.700774997Z,120,b679829b_qps_1000_c_16_1024_istio_plaintext_120s_both,16,1000,1885,2779,2998,3941,623.8423437974973,531.3221817927011,6.9904876434952286,55.02734375,1830.96875,31.19140625
2025-04-24T15:15:38.009159367Z,120,b679829b_qps_2000_c_16_1024_istio_plaintext_120s_both,16,2000,2415,3430,4351,4987,1074.09803867459,961.1535119995907,6.5257762923881195,55.17578125,1867.4609375,31.4296875
2025-04-24T15:17:45.311840239Z,120,b679829b_qps_4000_c_16_1024_istio_plaintext_120s_both,16,3855,2081,3125,3960,4884,1381.13099558781,1317.4262275388946,6.442728694960533,49.279296875,1919.005859375,31.12890625
2025-04-24T15:19:53.882021529Z,120,b679829b_qps_8000_c_16_1024_istio_plaintext_120s_both,16,4186,2432,3534,4449,6214,1384.1249291571808,1339.2400400012004,5.2485926054926715,49.216796875,1984.845703125,31.951171875
2025-04-24T15:22:01.946418868Z,120,b679829b_qps_16000_c_16_1024_istio_plaintext_120s_both,16,5345,2258,3113,3996,5149,1430.612103215472,1473.8440447617704,5.337482306058699,48.630859375,2054.041015625,31.10546875
2025-04-24T15:24:10.397664401Z,240,7293b6d7_qps_100_c_16_1024_istio_plaintext_240s_both,16,100,1608,1974,2867,2992,67.77260631632676,71.82398117138958,7.428769965074645,49.13125,2130.71484375,31.666796875
2025-04-24T15:28:13.619837108Z,240,7293b6d7_qps_250_c_16_1024_istio_plaintext_240s_both,16,250,1679,1947,2558,2973,170.4119490338257,170.10525634340013,7.516119075940351,48.9421875,2138.494921875,31.31796875
2025-04-24T15:32:18.185676668Z,240,7293b6d7_qps_500_c_16_1024_istio_plaintext_240s_both,16,500,1659,1992,2896,2995,318.6417814286503,329.88540137813857,6.834027723915189,49.36015625,2160.4484375,33.888671875
2025-04-24T15:36:23.847648469Z,240,7293b6d7_qps_1000_c_16_1024_istio_plaintext_240s_both,16,1000,1799,2725,2979,3700,574.6380385199865,597.9639063747716,7.112173085447663,49.08515625,2194.959375,33.34921875
2025-04-24T15:40:31.039997316Z,240,7293b6d7_qps_2000_c_16_1024_istio_plaintext_240s_both,16,2000,2369,3371,3992,4935,1014.6292374032229,930.1317829558323,6.776054793879957,53.484765625,2257.4640625,31.328515625
2025-04-24T15:44:39.568675518Z,240,7293b6d7_qps_4000_c_16_1024_istio_plaintext_240s_both,16,3828,2201,3307,3989,4951,1335.4551214976236,1277.918376979882,6.582320843559931,48.895703125,2358.575,31.698046875
2025-04-24T15:48:51.605220327Z,240,7293b6d7_qps_8000_c_16_1024_istio_plaintext_240s_both,16,4201,2407,3550,4745,6955,1387.6361030160535,1256.0923268777733,6.284538637994515,49.115234375,2495.443359375,31.397265625
2025-04-24T15:53:04.592876274Z,240,7293b6d7_qps_16000_c_16_1024_istio_plaintext_240s_both,16,5308,2273,3162,4138,5943,1442.3273188192736,1385.2352443334373,6.64687752762784,49.444921875,2628.8890625,31.68203125
2025-04-24T15:57:18.325830591Z,480,213a1087_qps_100_c_16_1024_istio_plaintext_480s_both,16,100,1716,1976,2849,2991,68.44357135160206,69.56970236135373,7.0097072457065766,48.68569711538461,2782.1640625,31.434495192307693
2025-04-24T16:05:22.754619516Z,480,213a1087_qps_250_c_16_1024_istio_plaintext_480s_both,16,250,1666,1942,2401,2951,164.71116153538586,160.83670732281908,7.459727700379804,50.09705528846154,2797.294170673077,33.92247596153846
2025-04-24T16:13:28.986873875Z,480,213a1087_qps_500_c_16_1024_istio_plaintext_480s_both,16,500,1640,1999,2904,2996,326.1904146317728,304.8488535456359,7.1728482309775625,49.21604567307692,2843.1478365384614,31.759915865384617
2025-04-24T16:21:36.125492074Z,480,213a1087_qps_1000_c_16_1024_istio_plaintext_480s_both,16,1000,1955,2818,3431,3958,599.7971939984004,617.8588726478087,6.515944835918477,49.45522836538461,2910.040264423077,31.78575721153846
2025-04-24T16:29:45.957804763Z,480,213a1087_qps_2000_c_16_1024_istio_plaintext_480s_both,16,2000,2374,3389,4204,4967,971.6555033656326,996.9739569370828,6.899774148948377,49.41225961538461,3039.360877403846,32.12950721153846
2025-04-24T16:37:59.921365999Z,480,213a1087_qps_4000_c_16_1024_istio_plaintext_480s_both,16,3849,1913,3001,4171,5661,1146.9364567984221,1255.193227483589,6.5154260970700015,53.76051682692308,3247.303485576923,31.02313701923077
2025-04-24T16:46:18.385217437Z,480,213a1087_qps_8000_c_16_1024_istio_plaintext_480s_both,16,4168,2443,3577,4629,6626,1311.3664850239948,1214.8336645713143,6.112614448328109,50.93509615384615,3529.9149639423076,31.076923076923077
2025-04-24T16:54:34.700114427Z,480,213a1087_qps_16000_c_16_1024_istio_plaintext_480s_both,16,5110,2382,3396,4499,6768,1351.7647438358808,1406.9979759986834,5.992486575805131,51.46424278846154,3797.469951923077,31.621995192307693
