StartTime,ActualDuration,Labels,NumThreads,ActualQPS,p50,p90,p99,p999,cpu_mili_avg_istio_proxy_fortioclient,cpu_mili_avg_istio_proxy_fortioserver,cpu_mili_avg_istio_proxy_istio-ingressgateway,mem_Mi_avg_istio_proxy_fortioclient,mem_Mi_avg_istio_proxy_fortioserver,mem_Mi_avg_istio_proxy_istio-ingressgateway
2025-05-29T15:35:08.813116182Z,240,a19326e4_qps_1000_c_64_1024_mazu_240s_st3_both,64,1000,1797,2742,2988,7116,853.4431609600791,816.6782330265095,3.8970426935949027,151.0640625,163.456640625,32.077734375
2025-05-29T15:39:17.210205968Z,240,a19326e4_qps_2000_c_64_1024_mazu_240s_st3_both,64,2000,1880,2778,2992,7240,1495.042662733893,1577.2722674223994,3.961217025628466,158.34296875,241.130078125,32.423046875
2025-05-29T15:43:30.848568935Z,240,a19326e4_qps_4000_c_64_1024_mazu_240s_st3_both,64,4000,1985,2818,3381,8628,2816.811224992988,2890.197652639661,3.998473978653148,158.68125,415.45,32.07578125
2025-05-29T15:47:56.2912538Z,240,a19326e4_qps_8000_c_64_1024_mazu_240s_st3_both,64,7996,1518,1949,2886,7022,4342.712995882485,4069.1205136167773,3.3195670190088093,162.265234375,763.0671875,32.155078125
2025-05-29T15:52:28.755334442Z,240,a19326e4_qps_16000_c_64_1024_mazu_240s_st3_both,64,15963,961,1773,1994,6260,5327.271536546359,5708.584949660285,2.9154493013993474,157.196875,1244.708984375,31.759375
2025-05-29T15:57:15.691169461Z,240,a19326e4_qps_24000_c_64_1024_mazu_240s_st3_both,64,22992,1387,1970,3949,7199,8091.813907245694,8399.829702592502,2.5501969896630587,158.81015625,1974.965625,37.480078125
2025-05-29T16:02:14.975036318Z,240,a19326e4_qps_32000_c_64_1024_mazu_240s_st3_both,64,27202,1535,2392,5600,8874,9476.333518817339,9829.002335389408,2.03039785428093,158.781640625,2910.865234375,32.3171875
2025-05-29T16:07:22.411187506Z,240,a19326e4_qps_40000_c_64_1024_mazu_240s_st3_both,64,28915,1528,2395,6180,9582,10599.806305808619,10561.938761649644,2.024903989715277,159.484375,4014.758203125,32.45703125
2025-05-29T16:12:33.392220945Z,240,a19326e4_qps_48000_c_64_1024_mazu_240s_st3_both,64,27896,1541,2492,5996,9052,9940.551923683759,9761.232761739013,2.068633960820518,168.5484375,5159.906640625,32.377734375
